name: ellipsometry
channels:
  - conda-forge
  - defaults
dependencies:
  - _python_abi3_support=1.0=hd8ed1ab_2
  - asttokens=3.0.0=pyhd8ed1ab_1
  - bzip2=1.0.8=h2466b09_7
  - ca-certificates=2025.8.3=h4c7d964_0
  - colorama=0.4.6=pyhd8ed1ab_1
  - comm=0.2.3=pyhe01879c_0
  - cpython=3.13.7=py313hd8ed1ab_100
  - debugpy=1.8.16=py313h927ade5_1
  - decorator=5.2.1=pyhd8ed1ab_0
  - exceptiongroup=1.3.0=pyhd8ed1ab_0
  - executing=2.2.1=pyhd8ed1ab_0
  - importlib-metadata=8.7.0=pyhe01879c_1
  - ipykernel=6.30.1=pyh3521513_0
  - ipython=9.5.0=pyh6be1c34_0
  - ipython_pygments_lexers=1.1.1=pyhd8ed1ab_0
  - ipywidgets=8.1.7=pyhd8ed1ab_0
  - jedi=0.19.2=pyhd8ed1ab_1
  - jupyter_client=8.6.3=pyhd8ed1ab_1
  - jupyter_core=5.8.1=pyh5737063_0
  - jupyterlab_widgets=3.0.15=pyhd8ed1ab_0
  - krb5=1.21.3=hdf4eb48_0
  - libexpat=2.7.1=hac47afa_0
  - libffi=3.4.6=h537db12_1
  - liblzma=5.8.1=h2466b09_2
  - libmpdec=4.0.0=h2466b09_0
  - libsodium=1.0.20=hc70643c_0
  - libsqlite=3.50.4=hf5d6505_0
  - libzlib=1.3.1=h2466b09_2
  - matplotlib-inline=0.1.7=pyhd8ed1ab_1
  - nest-asyncio=1.6.0=pyhd8ed1ab_1
  - openssl=3.5.2=h725018a_0
  - packaging=25.0=pyh29332c3_1
  - parso=0.8.5=pyhcf101f3_0
  - pickleshare=0.7.5=pyhd8ed1ab_1004
  - pip=25.2=pyh145f28c_0
  - platformdirs=4.4.0=pyhcf101f3_0
  - prompt-toolkit=3.0.52=pyha770c72_0
  - psutil=7.0.0=py313h5ea7bf4_1
  - pure_eval=0.2.3=pyhd8ed1ab_1
  - pygments=2.19.2=pyhd8ed1ab_0
  - python=3.13.7=hdf00ec1_100_cp313
  - python-dateutil=2.9.0.post0=pyhe01879c_2
  - python-gil=3.13.7=h4df99d1_100
  - python_abi=3.13=8_cp313
  - pywin32=311=py313h40c08fc_1
  - pyzmq=27.0.2=py312hbb5da91_2
  - six=1.17.0=pyhe01879c_1
  - stack_data=0.6.3=pyhd8ed1ab_1
  - tk=8.6.13=h2c6b04d_2
  - tornado=6.5.2=py313h5ea7bf4_1
  - traitlets=5.14.3=pyhd8ed1ab_1
  - typing_extensions=4.15.0=pyhcf101f3_0
  - ucrt=10.0.26100.0=h57928b3_0
  - vc=14.3=h41ae7f8_31
  - vc14_runtime=14.44.35208=h818238b_31
  - vcomp14=14.44.35208=h818238b_31
  - wcwidth=0.2.13=pyhd8ed1ab_1
  - widgetsnbextension=4.0.14=pyhd8ed1ab_0
  - zeromq=4.3.5=ha9f60a1_7
  - zipp=3.23.0=pyhd8ed1ab_0
  - pip:
      - cloudpickle==3.1.1
      - contourpy==1.3.3
      - cycler==0.12.1
      - et-xmlfile==2.0.0
      - farama-notifications==0.0.4
      - filelock==3.19.1
      - fonttools==4.59.2
      - fsspec==2025.9.0
      - gymnasium==1.2.0
      - jinja2==3.1.6
      - kiwisolver==1.4.9
      - markupsafe==3.0.2
      - matplotlib==3.10.6
      - mpmath==1.3.0
      - networkx==3.5
      - numpy==2.3.2
      - openpyxl==3.1.5
      - pandas==2.3.2
      - pillow==11.3.0
      - pyparsing==3.2.3
      - pytz==2025.2
      - scipy==1.16.1
      - seaborn==0.13.2
      - setuptools==80.9.0
      - sympy==1.14.0
      - tmm-fast==0.2.1
      - torch==2.8.0
      - tqdm==4.67.1
      - tzdata==2025.2
prefix: C:\Users\lucas\miniforge3\envs\ellipsometry
